File	q	Tau	alfa	f(alfa)	R-Tau	R-alfa	R-f	SD-Tau	SD-alfa	SD-f
1	0.2	0.4	0.01	0	1	-24	-51.3958	2.0757	1.57902	0.809193	0.79303	0.875223	26.2173	1.11394	0.626306
1	0.2	0.4	0.01	0	1	-22	-47.2442	2.07589	1.57455	0.810602	0.793035	0.874155	23.9896	1.11403	0.627581
1	0.2	0.4	0.01	0	1	-20	-43.0921	2.07615	1.56915	0.812279	0.793041	0.872797	21.7617	1.11415	0.629285
1	0.2	0.4	0.01	0	1	-18	-38.9395	2.0765	1.56243	0.81431	0.793047	0.87104	19.5335	1.11432	0.631535
1	0.2	0.4	0.01	0	1	-16	-34.786	2.07702	1.55365	0.816819	0.793056	0.868694	17.305	1.11457	0.634529
1	0.2	0.4	0.01	0	1	-14	-30.6312	2.07783	1.54156	0.819997	0.793071	0.865413	15.0761	1.11495	0.638616
1	0.2	0.4	0.01	0	1	-12	-26.4743	2.0792	1.52388	0.824154	0.7931	0.860535	12.8463	1.11559	0.644449
1	0.2	0.4	0.01	0	1	-10	-22.3137	2.0817	1.49671	0.829821	0.793164	0.852814	10.615	1.11671	0.653183
1	0.2	0.4	0.01	0	1	-8	-18.146	2.08651	1.45397	0.838	0.793322	0.840094	8.38122	1.11875	0.666368
1	0.2	0.4	0.01	0	1	-6	-13.9646	2.09587	1.38944	0.850802	0.793866	0.820624	6.14309	1.1219	0.682402
1	0.2	0.4	0.01	0	1	-4	-9.75818	2.11134	1.31282	0.873349	0.796899	0.809283	3.90364	1.1197	0.669483
1	0.2	0.4	0.01	0	1	-3	-7.64329	2.11752	1.29074	0.891845	0.803292	0.834325	2.79608	1.10076	0.604212
1	0.2	0.4	0.01	0	1	-2.5	-6.58451	2.11695	1.29214	0.903906	0.810744	0.866785	2.25527	1.07444	0.532134
1	0.2	0.4	0.01	0	1	-2	-5.52728	2.11069	1.30589	0.918046	0.825124	0.916911	1.73482	1.02075	0.412958
1	0.2	0.4	0.01	0	1	-1.5	-4.47563	2.09326	1.33573	0.933587	0.852482	0.971578	1.25399	0.914732	0.239993
1	0.2	0.4	0.01	0	1	-1	-3.43837	2.04896	1.38941	0.948389	0.8941	0.989219	0.8426	0.740761	0.152371
1	0.2	0.4	0.01	0	1	-0.5	-2.43687	1.9436	1.46507	0.95957	0.934648	0.972496	0.525454	0.539889	0.25882
1	0.2	0.4	0.01	0	1	0	-1.50952	1.75192	1.50952	0.965611	0.958653	0.965611	0.299253	0.382203	0.299253
1	0.2	0.4	0.01	0	1	0.5	-0.694237	1.50619	1.44733	0.967181	0.966837	0.96708	0.13434	0.293035	0.280515
1	0.2	0.4	0.01	0	1	1	-6.49188e-16	1.27898	1.27898	6.52918e-15	0.966543	0.966543	8.43978e-09	0.249969	0.249969
1	0.2	0.4	0.01	0	1	1.5	0.594886	1.11099	1.0716	0.9657	0.964561	0.963558	0.117775	0.223705	0.218919
1	0.2	0.4	0.01	0	1	2	1.12036	0.998905	0.877452	0.965225	0.963084	0.956263	0.22339	0.205441	0.197127
1	0.2	0.4	0.01	0	1	2.5	1.6004	0.926593	0.716083	0.965006	0.962435	0.942048	0.320147	0.192302	0.186574
1	0.2	0.4	0.01	0	1	3	2.05122	0.880048	0.588923	0.964928	0.962805	0.925464	0.410804	0.181705	0.175571
1	0.2	0.4	0.01	0	1	4	2.90247	0.829126	0.414034	0.965076	0.965213	0.914024	0.580016	0.165351	0.133394
1	0.2	0.4	0.01	0	1	6	4.51545	0.791302	0.232361	0.966098	0.969428	0.969349	0.888578	0.147618	0.0434044
1	0.2	0.4	0.01	0	1	8	6.08239	0.777465	0.137329	0.967276	0.971347	0.840619	1.17522	0.140271	0.0628161
1	0.2	0.4	0.01	0	1	10	7.62984	0.77071	0.0772622	0.96821	0.97198	0.441025	1.45233	0.137463	0.0913738
1	0.2	0.4	0.01	0	1	12	9.16732	0.767148	0.0384499	0.968875	0.972065	0.135728	1.72605	0.136613	0.101924
1	0.2	0.4	0.01	0	1	14	10.6995	0.765264	0.0141544	0.969338	0.971964	0.0205754	1.99901	0.136532	0.102588
1	0.2	0.4	0.01	0	1	16	12.229	0.764286	-0.000399605	0.969666	0.971819	1.80259e-05	2.27215	0.136719	0.0988708
1	0.2	0.4	0.01	0	1	18	13.757	0.763804	-0.00853962	0.969902	0.971681	0.00911587	2.54578	0.136977	0.0935279
1	0.2	0.4	0.01	0	1	20	15.2844	0.763595	-0.0124737	0.970076	0.971564	0.021795	2.81995	0.137231	0.0877856
1	0.2	0.4	0.01	0	1	22	16.8115	0.763538	-0.013653	0.970209	0.971467	0.0295896	3.09461	0.13746	0.0821345
1	0.2	0.4	0.01	0	1	24	18.3386	0.763564	-0.0130462	0.970312	0.971389	0.0309094	3.36972	0.137659	0.0767379
1	0.2	0.4	0.01	0	10	-24	-60.9674	2.53139	0.21407	0.999792	0.999817	0.308282	0.924798	0.0359797	0.336851
1	0.2	0.4	0.01	0	10	-22	-55.905	2.53104	0.222106	0.999787	0.999812	0.348223	0.857461	0.0364757	0.319206
1	0.2	0.4	0.01	0	10	-20	-50.8435	2.53041	0.23525	0.999782	0.999805	0.409393	0.789244	0.0371244	0.296824
1	0.2	0.4	0.01	0	10	-18	-45.7837	2.52928	0.256702	0.999776	0.999796	0.501572	0.719652	0.0379887	0.268815
1	0.2	0.4	0.01	0	10	-16	-40.727	2.52721	0.291644	0.999771	0.999782	0.63027	0.647961	0.0391592	0.234651
1	0.2	0.4	0.01	0	10	-14	-35.676	2.5234	0.348343	0.999766	0.999764	0.778841	0.573156	0.0407604	0.194996
1	0.2	0.4	0.01	0	10	-12	-30.6355	2.51634	0.439394	0.999765	0.999736	0.900478	0.493908	0.0429321	0.15345
1	0.2	0.4	0.01	0	10	-10	-25.6146	2.50325	0.582092	0.999769	0.999698	0.963629	0.408743	0.0457168	0.118796
1	0.2	0.4	0.01	0	10	-8	-20.6297	2.47926	0.795584	0.999787	0.99965	0.985724	0.31665	0.0487041	0.100577
1	0.2	0.4	0.01	0	10	-6	-15.7101	2.43633	1.0921	0.999825	0.999613	0.99374	0.2186	0.0503379	0.0910545
1	0.2	0.4	0.01	0	10	-4	-10.9056	2.36138	1.46006	0.999889	0.999644	0.998038	0.120755	0.0468349	0.0680063
1	0.2	0.4	0.01	0	10	-3	-8.57062	2.30625	1.65187	0.999928	0.999711	0.999251	0.0766271	0.0411887	0.0475113
1	0.2	0.4	0.01	0	10	-2.5	-7.42558	2.27328	1.74238	0.999946	0.999759	0.999612	0.0570697	0.0371027	0.0360383
1	0.2	0.4	0.01	0	10	-2	-6.29798	2.23647	1.82504	0.999964	0.999812	0.999833	0.0397538	0.0321763	0.0248008
1	0.2	0.4	0.01	0	10	-1.5	-5.18976	2.19576	1.89612	0.999979	0.999868	0.999945	0.0250843	0.0264861	0.014747
1	0.2	0.4	0.01	0	10	-1	-4.10285	2.15127	1.95158	0.99999	0.99992	0.999989	0.0134124	0.020172	0.00679946
1	0.2	0.4	0.01	0	10	-0.5	-3.03907	2.10332	1.98741	0.999998	0.999963	0.999999	0.00500305	0.0134422	0.00172642
1	0.2	0.4	0.01	0	10	0	-2	2.05258	2	1	0.999991	1	-nan	0.0065787	-nan
1	0.2	0.4	0.01	0	10	0.5	-0.986792	2.00007	1.98683	0.999998	1	0.999999	0.00160753	0.000191828	0.00165359
1	0.2	0.4	0.01	0	10	1	-4.04397e-16	1.94716	1.94716	7.6127e-16	0.999991	0.999991	1.53967e-08	0.00623078	0.00623078
1	0.2	0.4	0.01	0	10	1.5	0.960561	1.8954	1.88254	0.99998	0.999966	0.999957	0.00449428	0.0116204	0.0129442
1	0.2	0.4	0.01	0	10	2	1.89583	1.84622	1.79661	0.999967	0.99993	0.999876	0.0114603	0.0161947	0.0210158
1	0.2	0.4	0.01	0	10	2.5	2.8074	1.80073	1.69443	0.999952	0.999888	0.999717	0.0204732	0.0200245	0.0299571
1	0.2	0.4	0.01	0	10	3	3.69729	1.75957	1.58142	0.999936	0.999842	0.999433	0.0311566	0.0232426	0.0395745
1	0.2	0.4	0.01	0	10	4	5.42098	1.69075	1.34204	0.999902	0.999746	0.99816	0.0563941	0.0283259	0.0605346
1	0.2	0.4	0.01	0	10	6	8.70219	1.59943	0.894364	0.999835	0.999554	0.986472	0.117591	0.0355016	0.110021
1	0.2	0.4	0.01	0	10	8	11.847	1.55078	0.559271	0.99977	0.99937	0.92351	0.188917	0.040901	0.169081
1	0.2	0.4	0.01	0	10	10	14.9215	1.52661	0.344588	0.999708	0.999245	0.734898	0.267792	0.0440822	0.217412
1	0.2	0.4	0.01	0	10	12	17.9617	1.51499	0.21816	0.999654	0.999195	0.46923	0.351288	0.0451613	0.24374
1	0.2	0.4	0.01	0	10	14	20.9853	1.50932	0.145131	0.999608	0.999193	0.267929	0.436794	0.0450644	0.25201
1	0.2	0.4	0.01	0	10	16	24.0007	1.50639	0.101567	0.99957	0.999209	0.154886	0.522744	0.0445096	0.249226
1	0.2	0.4	0.01	0	10	18	27.0117	1.50475	0.0738205	0.99954	0.999231	0.0941346	0.608417	0.0438585	0.240561
1	0.2	0.4	0.01	0	10	20	30.0202	1.50374	0.0547046	0.999517	0.999251	0.0591709	0.693557	0.0432566	0.229148
1	0.2	0.4	0.01	0	10	22	33.0269	1.50307	0.0405402	0.999497	0.999268	0.0371593	0.778123	0.0427478	0.21678
1	0.2	0.4	0.01	0	10	24	36.0326	1.50258	0.0294469	0.999481	0.999281	0.0223772	0.862158	0.0423342	0.204462
1	0.2	0.4	0.01	0	20	-24	-60.0781	2.49668	0.157915	0.999557	0.999429	0.244548	1.32856	0.0626945	0.291565
1	0.2	0.4	0.01	0	20	-22	-55.0859	2.49546	0.185817	0.999567	0.999426	0.290949	1.20506	0.0628028	0.304723
1	0.2	0.4	0.01	0	20	-20	-50.0966	2.49375	0.221627	0.999577	0.999423	0.350855	1.08207	0.0629231	0.31668
1	0.2	0.4	0.01	0	20	-18	-45.1114	2.49129	0.268136	0.99959	0.99942	0.427735	0.959852	0.0630555	0.325804
1	0.2	0.4	0.01	0	20	-16	-40.1322	2.48767	0.329422	0.999604	0.999416	0.524397	0.838702	0.0631881	0.32956
1	0.2	0.4	0.01	0	20	-14	-35.162	2.48218	0.411474	0.999621	0.999412	0.640113	0.718986	0.0632736	0.324106
1	0.2	0.4	0.01	0	20	-12	-30.2056	2.47355	0.522976	0.999641	0.999409	0.76557	0.601049	0.0631789	0.304008
1	0.2	0.4	0.01	0	20	-10	-25.2713	2.45955	0.675849	0.999666	0.999413	0.879268	0.485042	0.0626323	0.263082
1	0.2	0.4	0.01	0	20	-8	-20.3736	2.43616	0.884328	0.9997	0.999426	0.955816	0.370542	0.0613477	0.199732
1	0.2	0.4	0.01	0	20	-6	-15.5376	2.39627	1.15994	0.999753	0.999444	0.988701	0.256379	0.0593834	0.13026
1	0.2	0.4	0.01	0	20	-4	-10.8076	2.32737	1.49815	0.99984	0.999494	0.997394	0.143678	0.0550249	0.0804397
1	0.2	0.4	0.01	0	20	-3	-8.50478	2.27611	1.67645	0.999895	0.999577	0.998957	0.0915843	0.0491932	0.0568946
1	0.2	0.4	0.01	0	20	-2.5	-7.3743	2.2452	1.7613	0.999923	0.999642	0.99944	0.0681486	0.0446187	0.0437821
1	0.2	0.4	0.01	0	20	-2	-6.2602	2.21061	1.83897	0.999948	0.999721	0.999751	0.04728	0.0387913	0.0304574
1	0.2	0.4	0.01	0	20	-1.5	-5.16427	2.17254	1.90545	0.99997	0.999806	0.999918	0.0296061	0.0317984	0.0181493
1	0.2	0.4	0.01	0	20	-1	-4.08815	2.13151	1.95664	0.999987	0.999886	0.999984	0.0156543	0.0239283	0.00829169
1	0.2	0.4	0.01	0	20	-0.5	-3.03312	2.08833	1.98896	0.999997	0.999949	0.999999	0.00575872	0.0156387	0.00206364
1	0.2	0.4	0.01	0	20	0	-2	2.04407	2	1	0.999988	1	-nan	0.00745874	-nan
1	0.2	0.4	0.01	0	20	0.5	-0.989047	1.99983	1.98896	0.999997	1	0.999999	0.0017965	0.000169982	0.00187009
1	0.2	0.4	0.01	0	20	1	-2.42877e-16	1.95659	1.95659	1.96431e-15	0.999989	0.999989	5.75668e-09	0.00688147	0.00688147
1	0.2	0.4	0.01	0	20	1.5	0.967834	1.91508	1.90478	0.999977	0.99996	0.999951	0.00492481	0.0126637	0.0140716
1	0.2	0.4	0.01	0	20	2	1.91544	1.87572	1.836	0.999961	0.99992	0.999862	0.0125179	0.017587	0.0226621
1	0.2	0.4	0.01	0	20	2.5	2.84395	1.83872	1.75285	0.999944	0.999872	0.999694	0.022396	0.0218473	0.0322349
1	0.2	0.4	0.01	0	20	3	3.75456	1.80411	1.65778	0.999924	0.999817	0.999398	0.0342864	0.0256723	0.0427406
1	0.2	0.4	0.01	0	20	4	5.52681	1.74195	1.44101	0.99988	0.999679	0.998009	0.0635386	0.0327798	0.0676081
1	0.2	0.4	0.01	0	20	6	8.90889	1.64694	0.972762	0.999768	0.999301	0.9831	0.142411	0.0457731	0.133982
1	0.2	0.4	0.01	0	20	8	12.142	1.59234	0.596752	0.999644	0.999038	0.923876	0.240745	0.0519011	0.179944
1	0.2	0.4	0.01	0	20	10	15.2974	1.56637	0.36637	0.999543	0.999023	0.816615	0.343624	0.0514507	0.182383
1	0.2	0.4	0.01	0	20	12	18.4165	1.55425	0.234418	0.999476	0.999087	0.671858	0.443165	0.0493598	0.172097
1	0.2	0.4	0.01	0	20	14	21.5182	1.5481	0.155105	0.999433	0.999141	0.482842	0.538611	0.0476811	0.168626
1	0.2	0.4	0.01	0	20	16	24.6107	1.54466	0.103926	0.999404	0.999175	0.285567	0.631204	0.0466159	0.172679
1	0.2	0.4	0.01	0	20	18	27.6978	1.5426	0.069034	0.999385	0.999196	0.139845	0.722073	0.0459538	0.179853
1	0.2	0.4	0.01	0	20	20	30.7816	1.54131	0.0444886	0.99937	0.999211	0.0587362	0.811903	0.045505	0.187086
1	0.2	0.4	0.01	0	20	22	33.8633	1.54047	0.0270285	0.999359	0.999222	0.0211681	0.901048	0.0451583	0.193075
1	0.2	0.4	0.01	0	20	24	36.9437	1.53993	0.0146641	0.99935	0.999232	0.00604795	0.989673	0.0448591	0.19748
1	0.2	0.4	0.01	0	30	-24	-60.474	2.51638	0.0809842	0.999443	0.999382	0.0837094	1.50037	0.0657101	0.281462
1	0.2	0.4	0.01	0	30	-22	-55.4414	2.51619	0.0853401	0.999446	0.999377	0.0952277	1.37084	0.066012	0.276332
1	0.2	0.4	0.01	0	30	-20	-50.4094	2.51577	0.0939603	0.999451	0.999369	0.117976	1.24089	0.0664237	0.269884
1	0.2	0.4	0.01	0	30	-18	-45.3786	2.51494	0.109699	0.999458	0.999357	0.161619	1.11031	0.0669901	0.262463
1	0.2	0.4	0.01	0	30	-16	-40.3502	2.51328	0.137674	0.999467	0.999342	0.243982	0.978798	0.06776	0.254584
1	0.2	0.4	0.01	0	30	-14	-35.3266	2.50996	0.187182	0.999481	0.99932	0.389205	0.846008	0.0687602	0.246328
1	0.2	0.4	0.01	0	30	-12	-30.3127	2.50314	0.274998	0.999501	0.999293	0.600371	0.711619	0.0699287	0.235688
1	0.2	0.4	0.01	0	30	-10	-25.3189	2.48894	0.429405	0.999532	0.999263	0.813404	0.575483	0.0709905	0.21605
1	0.2	0.4	0.01	0	30	-8	-20.3667	2.45994	0.687163	0.999582	0.999236	0.942001	0.437581	0.071435	0.179116
1	0.2	0.4	0.01	0	30	-6	-15.4959	2.40592	1.06032	0.999665	0.99922	0.985224	0.298047	0.0706123	0.136407
1	0.2	0.4	0.01	0	30	-4	-10.7646	2.31963	1.48605	0.999794	0.999303	0.996244	0.162121	0.0643352	0.0958493
1	0.2	0.4	0.01	0	30	-3	-8.47244	2.26307	1.68323	0.99987	0.999447	0.998597	0.101661	0.055934	0.066286
1	0.2	0.4	0.01	0	30	-2.5	-7.34878	2.23119	1.77081	0.999905	0.999546	0.999282	0.0751481	0.0499759	0.0498797
1	0.2	0.4	0.01	0	30	-2	-6.24166	2.1969	1.84786	0.999937	0.999655	0.999695	0.0518983	0.0428874	0.0339311
1	0.2	0.4	0.01	0	30	-1.5	-5.15226	2.16034	1.91175	0.999964	0.999764	0.999902	0.032438	0.0348456	0.0198593
1	0.2	0.4	0.01	0	30	-1	-4.08165	2.12181	1.95984	0.999984	0.999862	0.999981	0.0171751	0.0261429	0.00897885
1	0.2	0.4	0.01	0	30	-0.5	-3.0307	2.08179	1.9898	0.999996	0.999938	0.999999	0.00634845	0.0171571	0.00223215
1	0.2	0.4	0.01	0	30	0	-2	2.04092	2	1	0.999985	1	-nan	0.00828898	-nan
1	0.2	0.4	0.01	0	30	0.5	-0.989801	1.99991	1.98976	0.999996	1	0.999999	0.00201817	0.000136551	0.00207647
1	0.2	0.4	0.01	0	30	1	-3.53428e-16	1.95944	1.95944	2.26716e-15	0.999986	0.999986	7.79741e-09	0.00782997	0.00782997
1	0.2	0.4	0.01	0	30	1.5	0.969826	1.9201	1.91032	0.999969	0.999946	0.999933	0.00568119	0.014765	0.0164667
1	0.2	0.4	0.01	0	30	2	1.92037	1.88238	1.84439	0.999947	0.999888	0.999802	0.0146381	0.0209455	0.027255
1	0.2	0.4	0.01	0	30	2.5	2.85254	1.84665	1.76409	0.999922	0.999814	0.999543	0.0265127	0.0264525	0.0396222
1	0.2	0.4	0.01	0	30	3	3.7674	1.81321	1.67223	0.999893	0.999729	0.999086	0.0409905	0.0313719	0.0531344
1	0.2	0.4	0.01	0	30	4	5.55015	1.75409	1.4662	0.999827	0.999537	0.997167	0.076652	0.0396489	0.0821027
1	0.2	0.4	0.01	0	30	6	8.96611	1.66921	1.04912	0.999684	0.999183	0.98486	0.167385	0.0501531	0.136646
1	0.2	0.4	0.01	0	30	8	12.2525	1.62221	0.725229	0.999556	0.998978	0.947644	0.271167	0.0544962	0.179071
1	0.2	0.4	0.01	0	30	10	15.47	1.59795	0.50951	0.999455	0.998854	0.852959	0.379641	0.0568598	0.222227
1	0.2	0.4	0.01	0	30	12	18.6517	1.58503	0.368714	0.999371	0.998752	0.681041	0.491495	0.0588656	0.26507
1	0.2	0.4	0.01	0	30	14	21.8138	1.57769	0.273947	0.999299	0.998674	0.482679	0.606897	0.0604002	0.297926
1	0.2	0.4	0.01	0	30	16	24.9644	1.57326	0.207777	0.999236	0.998625	0.321284	0.725323	0.0613247	0.317239
1	0.2	0.4	0.01	0	30	18	28.1079	1.57044	0.160106	0.99918	0.998603	0.212002	0.845781	0.0617105	0.324257
1	0.2	0.4	0.01	0	30	20	31.2468	1.56858	0.124836	0.999132	0.9986	0.142475	0.967278	0.0617044	0.321724
1	0.2	0.4	0.01	0	30	22	34.3826	1.5673	0.0981045	0.999092	0.998609	0.0981671	1.08904	0.0614448	0.312363
1	0.2	0.4	0.01	0	30	24	37.5162	1.5664	0.0773756	0.999057	0.998626	0.0690605	1.21054	0.0610375	0.298428
1	0.2	0.4	0.01	0	40	-24	-59.4206	2.47716	-0.0311752	0.999372	0.999346	0.0592048	1.56466	0.0665911	0.130548
1	0.2	0.4	0.01	0	40	-22	-54.4674	2.47597	-0.00404873	0.999375	0.999333	0.0010974	1.43133	0.0672083	0.128318
1	0.2	0.4	0.01	0	40	-20	-49.5172	2.47409	0.0354482	0.999379	0.999316	0.0792612	1.29662	0.067995	0.126918
1	0.2	0.4	0.01	0	40	-18	-44.5718	2.4711	0.0919943	0.999386	0.999295	0.363351	1.16015	0.0689734	0.12792
1	0.2	0.4	0.01	0	40	-16	-39.6339	2.46638	0.171859	0.999398	0.999268	0.649833	1.02153	0.070135	0.132525
1	0.2	0.4	0.01	0	40	-14	-34.7081	2.45893	0.283101	0.999417	0.999236	0.818127	0.88044	0.0714084	0.140218
1	0.2	0.4	0.01	0	40	-12	-29.8011	2.44716	0.435176	0.999446	0.999202	0.904954	0.736811	0.0726279	0.148152
1	0.2	0.4	0.01	0	40	-10	-24.9239	2.42867	0.637171	0.999491	0.99917	0.950726	0.590991	0.0735325	0.15238
1	0.2	0.4	0.01	0	40	-8	-20.0933	2.39985	0.894461	0.999558	0.999146	0.975312	0.443944	0.0737012	0.149494
1	0.2	0.4	0.01	0	40	-6	-15.3351	2.35499	1.20514	0.999658	0.999158	0.988936	0.298103	0.0718154	0.133908
1	0.2	0.4	0.01	0	40	-4	-10.6901	2.28483	1.55077	0.999794	0.999296	0.996695	0.161102	0.0636864	0.0938122
1	0.2	0.4	0.01	0	40	-3	-8.42853	2.23664	1.71863	0.999869	0.999451	0.998751	0.101427	0.0550688	0.063834
1	0.2	0.4	0.01	0	40	-2.5	-7.31707	2.2088	1.79508	0.999904	0.999549	0.999354	0.0753004	0.04929	0.0479557
1	0.2	0.4	0.01	0	40	-2	-6.22015	2.17847	1.86321	0.999936	0.999655	0.99972	0.0523115	0.0425178	0.0327409
1	0.2	0.4	0.01	0	40	-1.5	-5.13899	2.14581	1.92028	0.999963	0.999761	0.999908	0.0329392	0.0348415	0.0193311
1	0.2	0.4	0.01	0	40	-1	-4.07468	2.11111	1.96357	0.999983	0.999858	0.999982	0.0175934	0.0264476	0.00885723
1	0.2	0.4	0.01	0	40	-0.5	-3.02814	2.07485	1.99071	0.999996	0.999935	0.999999	0.00656707	0.0176125	0.00223972
1	0.2	0.4	0.01	0	40	0	-2	2.03759	2	1	0.999984	1	-nan	0.00866543	-nan
1	0.2	0.4	0.01	0	40	0.5	-0.990609	1.99996	1.99059	0.999996	1	0.999999	0.00213323	8.41299e-05	0.00217072
1	0.2	0.4	0.01	0	40	1	6.54452e-16	1.96256	1.96256	-nan	0.999984	0.999984	-nan	0.00837085	0.00837085
1	0.2	0.4	0.01	0	40	1.5	0.972067	1.92586	1.91673	0.999964	0.999937	0.99992	0.00614542	0.016119	0.0180332
1	0.2	0.4	0.01	0	40	2	1.92604	1.89022	1.85441	0.999937	0.999862	0.999752	0.0160343	0.0233641	0.0306943
1	0.2	0.4	0.01	0	40	2.5	2.8625	1.85583	1.77707	0.999904	0.999759	0.999387	0.0294532	0.0302767	0.0462403
1	0.2	0.4	0.01	0	40	3	3.78209	1.82275	1.68616	0.999864	0.999625	0.998654	0.046295	0.0371047	0.0650334
1	0.2	0.4	0.01	0	40	4	5.57331	1.7606	1.4691	0.999761	0.999226	0.994406	0.0904342	0.0514865	0.115749
1	0.2	0.4	0.01	0	40	6	8.98423	1.65522	0.947087	0.999432	0.997686	0.926669	0.224953	0.0837384	0.279873
1	0.2	0.4	0.01	0	40	8	12.2185	1.58565	0.466671	0.998943	0.995876	0.548448	0.417461	0.107189	0.444823
1	0.2	0.4	0.01	0	40	10	15.35	1.55032	0.153264	0.998425	0.995066	0.0899297	0.640376	0.114682	0.512172
1	0.2	0.4	0.01	0	40	12	18.4327	1.5345	-0.018658	0.997991	0.995046	0.00152479	0.868846	0.113744	0.501556
1	0.2	0.4	0.01	0	40	14	21.4937	1.52745	-0.109326	0.997663	0.995286	0.0592315	1.09276	0.110428	0.4577
1	0.2	0.4	0.01	0	40	16	24.5449	1.52418	-0.157995	0.997426	0.995554	0.143708	1.30995	0.106999	0.405139
1	0.2	0.4	0.01	0	40	18	27.5915	1.52258	-0.18507	0.997254	0.995787	0.232011	1.52082	0.104041	0.353711
1	0.2	0.4	0.01	0	40	20	30.6358	1.52175	-0.200685	0.997131	0.995975	0.320719	1.72637	0.101618	0.306809
1	0.2	0.4	0.01	0	40	22	33.6788	1.52131	-0.209907	0.99704	0.996126	0.408462	1.92757	0.0996604	0.265358
1	0.2	0.4	0.01	0	40	24	36.7212	1.52108	-0.215331	0.996974	0.996246	0.493043	2.12525	0.0980834	0.229372
1	0.2	0.4	0.01	0	50	-24	-60.0226	2.49789	0.0732577	0.999436	0.999375	0.0483955	1.49747	0.0656109	0.341248
1	0.2	0.4	0.01	0	50	-22	-55.0273	2.49732	0.0861867	0.999439	0.999363	0.0619049	1.36911	0.0662133	0.352445
1	0.2	0.4	0.01	0	50	-20	-50.0335	2.49641	0.105362	0.999443	0.99935	0.0854168	1.2404	0.0668648	0.362171
1	0.2	0.4	0.01	0	50	-18	-45.0421	2.49488	0.134229	0.999448	0.999336	0.127914	1.11154	0.0675456	0.368176
1	0.2	0.4	0.01	0	50	-16	-40.0547	2.49228	0.178131	0.999455	0.999322	0.206328	0.982776	0.0682195	0.367004
1	0.2	0.4	0.01	0	50	-14	-35.0742	2.48779	0.245184	0.999463	0.999307	0.346268	0.854354	0.0688415	0.353897
1	0.2	0.4	0.01	0	50	-12	-30.1058	2.47986	0.347496	0.999473	0.999291	0.560608	0.726249	0.0694064	0.323174
1	0.2	0.4	0.01	0	50	-10	-25.1589	2.46559	0.502995	0.999489	0.999268	0.793278	0.597516	0.0701013	0.269734
1	0.2	0.4	0.01	0	50	-8	-20.2513	2.43931	0.736836	0.999522	0.999219	0.939085	0.465104	0.0716547	0.197138
1	0.2	0.4	0.01	0	50	-6	-15.4164	2.39075	1.07196	0.999601	0.999117	0.984173	0.323743	0.0746773	0.142802
1	0.2	0.4	0.01	0	50	-4	-10.7123	2.30647	1.48644	0.999755	0.999128	0.994975	0.176046	0.0715897	0.110963
1	0.2	0.4	0.01	0	50	-3	-8.43398	2.24847	1.68857	0.999849	0.999311	0.9981	0.108718	0.0620216	0.0773843
1	0.2	0.4	0.01	0	50	-2.5	-7.3178	2.21593	1.77798	0.999893	0.999447	0.999053	0.0794581	0.0547787	0.0575017
1	0.2	0.4	0.01	0	50	-2	-6.21836	2.18154	1.85528	0.999931	0.999594	0.999614	0.0541657	0.0462128	0.0382734
1	0.2	0.4	0.01	0	50	-1.5	-5.13648	2.14583	1.91773	0.999962	0.999734	0.999883	0.0333956	0.0367761	0.0217803
1	0.2	0.4	0.01	0	50	-1	-4.07266	2.10936	1.9633	0.999983	0.999852	0.999979	0.0174515	0.0269954	0.00955005
1	0.2	0.4	0.01	0	50	-0.5	-3.02716	2.07263	1.99084	0.999996	0.999936	0.999999	0.00637763	0.0173649	0.00230624
1	0.2	0.4	0.01	0	50	0	-2	2.03605	2	1	0.999985	1	-nan	0.00825539	-nan
1	0.2	0.4	0.01	0	50	0.5	-0.991034	1.9999	1.99098	0.999996	1	0.999999	0.00199919	0.000148298	0.00206438
1	0.2	0.4	0.01	0	50	1	-2.57474e-16	1.96435	1.96435	3.09544e-16	0.999986	0.999986	1.53731e-08	0.00773972	0.00773972
1	0.2	0.4	0.01	0	50	1.5	0.973441	1.92956	1.92089	0.99997	0.999948	0.999935	0.00561874	0.0146213	0.0163139
1	0.2	0.4	0.01	0	50	2	1.92972	1.89572	1.86172	0.999949	0.99989	0.999807	0.0145106	0.0208494	0.0271947
1	0.2	0.4	0.01	0	50	2.5	2.86937	1.86312	1.78844	0.999924	0.999817	0.999551	0.0263605	0.0264693	0.0398352
1	0.2	0.4	0.01	0	50	3	3.79311	1.83214	1.70333	0.999895	0.999733	0.999103	0.0408641	0.0314756	0.0536135
1	0.2	0.4	0.01	0	50	4	5.59669	1.77662	1.50978	0.999831	0.999553	0.997368	0.0765409	0.0394681	0.0814675
1	0.2	0.4	0.01	0	50	6	9.06306	1.69673	1.11733	0.9997	0.9993	0.989893	0.164809	0.0471879	0.118599
1	0.2	0.4	0.01	0	50	8	12.4074	1.65219	0.810128	0.999601	0.999244	0.979934	0.260371	0.0477276	0.12178
1	0.2	0.4	0.01	0	50	10	15.6853	1.62809	0.595581	0.999538	0.999274	0.971476	0.354266	0.046097	0.107207
1	0.2	0.4	0.01	0	50	12	18.9265	1.61429	0.444991	0.9995	0.999313	0.964278	0.444715	0.044449	0.089972
1	0.2	0.4	0.01	0	50	14	22.1459	1.60577	0.334884	0.999477	0.999344	0.954759	0.532267	0.043233	0.0765778
1	0.2	0.4	0.01	0	50	16	25.3515	1.60016	0.251114	0.999462	0.999364	0.93644	0.617755	0.0423963	0.0687249
1	0.2	0.4	0.01	0	50	18	28.5477	1.59629	0.185458	0.999453	0.999379	0.897862	0.70181	0.0418146	0.0657088
1	0.2	0.4	0.01	0	50	20	31.7374	1.59351	0.132884	0.999446	0.999389	0.818858	0.784847	0.0413908	0.0656551
1	0.2	0.4	0.01	0	50	22	34.9223	1.59147	0.090104	0.999442	0.999397	0.66823	0.867127	0.0410627	0.0666945
1	0.2	0.4	0.01	0	50	24	38.1036	1.58994	0.0548577	0.999438	0.999404	0.420916	0.948812	0.0407934	0.0675928
1	0.2	0.4	0.01	0	60	-24	-58.7519	2.43882	0.220134	0.999403	0.999408	0.853596	1.50808	0.0623614	0.0957695
1	0.2	0.4	0.01	0	60	-22	-53.8756	2.43742	0.252332	0.999403	0.999401	0.891609	1.38329	0.0627016	0.0924209
1	0.2	0.4	0.01	0	60	-20	-49.0026	2.43547	0.293263	0.999403	0.999392	0.923889	1.25778	0.063126	0.0884223
1	0.2	0.4	0.01	0	60	-18	-44.1342	2.43269	0.345787	0.999405	0.99938	0.948627	1.13133	0.0636724	0.0845314
1	0.2	0.4	0.01	0	60	-16	-39.2726	2.42869	0.41354	0.999409	0.999363	0.96552	1.00364	0.0644158	0.082094
1	0.2	0.4	0.01	0	60	-14	-34.4207	2.42283	0.501129	0.999416	0.999338	0.975764	0.874192	0.0654977	0.0829661
1	0.2	0.4	0.01	0	60	-12	-29.5832	2.41405	0.614652	0.99943	0.999299	0.981238	0.742091	0.0671514	0.0892831
1	0.2	0.4	0.01	0	60	-10	-24.7677	2.40046	0.763039	0.999458	0.999238	0.983718	0.605879	0.0696438	0.103122
1	0.2	0.4	0.01	0	60	-8	-19.987	2.37833	0.960365	0.999512	0.99915	0.985336	0.46376	0.0728649	0.123074
1	0.2	0.4	0.01	0	60	-6	-15.265	2.34005	1.22469	0.999613	0.999073	0.989233	0.315615	0.074879	0.134216
1	0.2	0.4	0.01	0	60	-4	-10.6461	2.2728	1.55488	0.99977	0.999167	0.995788	0.169589	0.0689463	0.106224
1	0.2	0.4	0.01	0	60	-3	-8.39666	2.22429	1.7238	0.999858	0.999353	0.998359	0.104944	0.0594478	0.0734171
1	0.2	0.4	0.01	0	60	-2.5	-7.29144	2.19621	1.8009	0.999899	0.999479	0.999162	0.0768668	0.0526491	0.0547734
1	0.2	0.4	0.01	0	60	-2	-6.20081	2.16594	1.86893	0.999935	0.999616	0.99965	0.052506	0.0446201	0.036749
1	0.2	0.4	0.01	0	60	-1.5	-5.12578	2.13394	1.92487	0.999964	0.999747	0.999891	0.0324059	0.0356706	0.0211101
1	0.2	0.4	0.01	0	60	-1	-4.06706	2.10079	1.96627	0.999984	0.999859	0.99998	0.0169195	0.0262443	0.00932976
1	0.2	0.4	0.01	0	60	-0.5	-3.02509	2.06707	1.99155	0.999996	0.99994	0.999999	0.00616047	0.0168397	0.00226058
1	0.2	0.4	0.01	0	60	0	-2	2.03331	2	1	0.999986	1	-nan	0.00791625	-nan
1	0.2	0.4	0.01	0	60	0.5	-0.991721	1.99989	1.99167	0.999997	1	0.999999	0.00189498	0.000191485	0.00198317
1	0.2	0.4	0.01	0	60	1	5.39594e-16	1.96712	1.96712	-nan	0.999988	0.999988	-nan	0.00721759	0.00721759
1	0.2	0.4	0.01	0	60	1.5	0.975542	1.93521	1.92728	0.999975	0.999958	0.999948	0.00512984	0.0131086	0.0145345
1	0.2	0.4	0.01	0	60	2	1.9354	1.90441	1.87342	0.99996	0.999921	0.999866	0.0129097	0.0178362	0.0227813
1	0.2	0.4	0.01	0	60	2.5	2.88018	1.87499	1.8073	0.999943	0.999881	0.999734	0.02276	0.0214473	0.030951
1	0.2	0.4	0.01	0	60	3	3.81067	1.84727	1.73114	0.999927	0.999847	0.999557	0.0341305	0.0240323	0.0382746
1	0.2	0.4	0.01	0	60	4	5.6326	1.7981	1.55979	0.999899	0.999801	0.999112	0.0594946	0.0266384	0.0488404
1	0.2	0.4	0.01	0	60	6	9.15239	1.72778	1.21428	0.999866	0.999799	0.997897	0.111239	0.0257463	0.0585537
1	0.2	0.4	0.01	0	60	8	12.5639	1.68761	0.936929	0.999859	0.999834	0.994552	0.156683	0.0228341	0.072848
1	0.2	0.4	0.01	0	60	10	15.914	1.66444	0.730388	0.999862	0.999857	0.986597	0.19626	0.0208916	0.0894277
1	0.2	0.4	0.01	0	60	12	19.2274	1.65002	0.572798	0.999867	0.999865	0.973134	0.233302	0.0201194	0.0999781
1	0.2	0.4	0.01	0	60	14	22.5173	1.64045	0.448996	0.99987	0.999864	0.951536	0.270202	0.0201234	0.106447
1	0.2	0.4	0.01	0	60	16	25.7912	1.63387	0.350641	0.999871	0.999857	0.91555	0.308084	0.0204932	0.11187
1	0.2	0.4	0.01	0	60	18	29.0541	1.62925	0.272449	0.999871	0.99985	0.856787	0.347283	0.0209526	0.117012
1	0.2	0.4	0.01	0	60	20	32.3091	1.62597	0.210391	0.999869	0.999843	0.767807	0.387748	0.0213707	0.121539
1	0.2	0.4	0.01	0	60	22	35.5586	1.62362	0.161145	0.999868	0.999838	0.646594	0.429288	0.0217073	0.125149
1	0.2	0.4	0.01	0	60	24	38.804	1.62192	0.12196	0.999866	0.999834	0.50113	0.471683	0.0219634	0.127829
1	0.2	0.4	0.01	0	70	-24	-59.0758	2.45804	0.0829221	0.999233	0.999191	0.370202	1.71986	0.0734713	0.113617
1	0.2	0.4	0.01	0	70	-22	-54.1608	2.45682	0.110789	0.999237	0.999179	0.50977	1.57269	0.073988	0.11413
1	0.2	0.4	0.01	0	70	-20	-49.2489	2.45503	0.148229	0.999242	0.999164	0.637602	1.42443	0.074587	0.117392
1	0.2	0.4	0.01	0	70	-18	-44.3413	2.45236	0.19882	0.999251	0.999147	0.741482	1.27493	0.0752893	0.123323
1	0.2	0.4	0.01	0	70	-16	-39.4403	2.44831	0.267294	0.999265	0.999124	0.819638	1.12394	0.076156	0.131717
1	0.2	0.4	0.01	0	70	-14	-34.5495	2.44212	0.359741	0.999285	0.999092	0.875286	0.971049	0.0773303	0.142647
1	0.2	0.4	0.01	0	70	-12	-29.6741	2.4325	0.484169	0.999316	0.999044	0.913286	0.815416	0.0790577	0.156722
1	0.2	0.4	0.01	0	70	-10	-24.8233	2.41712	0.652072	0.999368	0.998971	0.939487	0.655683	0.0815102	0.173846
1	0.2	0.4	0.01	0	70	-8	-20.0124	2.39149	0.880502	0.999455	0.998885	0.960642	0.490734	0.0839413	0.187222
1	0.2	0.4	0.01	0	70	-6	-15.2696	2.34723	1.18628	0.999594	0.998876	0.980717	0.323402	0.0827197	0.174741
1	0.2	0.4	0.01	0	70	-4	-10.6435	2.27316	1.55085	0.999775	0.999127	0.995065	0.167855	0.0705768	0.114735
1	0.2	0.4	0.01	0	70	-3	-8.39475	2.22286	1.72617	0.999864	0.99937	0.998381	0.102957	0.058629	0.0730119
1	0.2	0.4	0.01	0	70	-2.5	-7.2903	2.19463	1.80373	0.999903	0.999505	0.999224	0.0754511	0.05129	0.0528131
1	0.2	0.4	0.01	0	70	-2	-6.20041	2.16465	1.87112	0.999937	0.999638	0.999688	0.0517953	0.0432495	0.0347204
1	0.2	0.4	0.01	0	70	-1.5	-5.12589	2.13323	1.92605	0.999964	0.99976	0.999904	0.0322887	0.0347225	0.0198009
1	0.2	0.4	0.01	0	70	-1	-4.06737	2.10071	1.96665	0.999984	0.999862	0.999982	0.0171187	0.0259359	0.0088188
1	0.2	0.4	0.01	0	70	-0.5	-3.0253	2.06744	1.99159	0.999996	0.999938	0.999999	0.00636211	0.0170982	0.00218722
1	0.2	0.4	0.01	0	70	0	-2	2.03374	2	1	0.999985	1	-nan	0.00838339	-nan
1	0.2	0.4	0.01	0	70	0.5	-0.991581	1.99995	1.99156	0.999996	1	0.999999	0.00206564	6.8183e-05	0.00209849
1	0.2	0.4	0.01	0	70	1	6.54213e-16	1.96645	1.96645	-nan	0.999985	0.999985	-nan	0.00812079	0.00812079
1	0.2	0.4	0.01	0	70	1.5	0.974983	1.93363	1.92547	0.999966	0.999941	0.999925	0.00596853	0.0156564	0.017516
1	0.2	0.4	0.01	0	70	2	1.93382	1.90194	1.87007	0.999941	0.999873	0.999774	0.0155494	0.0225515	0.0295538
1	0.2	0.4	0.01	0	70	2.5	2.87719	1.87181	1.80235	0.999912	0.999787	0.999476	0.0283964	0.0287072	0.043372
1	0.2	0.4	0.01	0	70	3	3.80596	1.84361	1.72488	0.999878	0.999691	0.998974	0.0441234	0.0340669	0.0580782
1	0.2	0.4	0.01	0	70	4	5.62397	1.79397	1.55193	0.999804	0.999493	0.997149	0.0826281	0.042449	0.0871755
1	0.2	0.4	0.01	0	70	6	9.13447	1.72234	1.19956	0.999654	0.999164	0.988518	0.17852	0.0523287	0.135809
1	0.2	0.4	0.01	0	70	8	12.5327	1.67976	0.905344	0.999519	0.998926	0.966718	0.288892	0.0578516	0.176464
1	0.2	0.4	0.01	0	70	10	15.8654	1.6551	0.685659	0.999401	0.99875	0.918765	0.407933	0.0615121	0.214175
1	0.2	0.4	0.01	0	70	12	19.1597	1.64047	0.525898	0.9993	0.998623	0.833359	0.532765	0.0639885	0.247039
1	0.2	0.4	0.01	0	70	14	22.4308	1.63126	0.406811	0.999212	0.998532	0.708548	0.661634	0.0656987	0.274083
1	0.2	0.4	0.01	0	70	16	25.6868	1.62508	0.314522	0.999136	0.998467	0.555544	0.793421	0.0668975	0.295527
1	0.2	0.4	0.01	0	70	18	28.9324	1.62074	0.241003	0.99907	0.998421	0.397604	0.9273	0.0677079	0.311623
1	0.2	0.4	0.01	0	70	20	32.1705	1.61762	0.18176	0.999012	0.998392	0.259427	1.06258	0.068201	0.3226
1	0.2	0.4	0.01	0	70	22	35.4034	1.61533	0.133971	0.998962	0.998376	0.154775	1.19869	0.0684389	0.328879
1	0.2	0.4	0.01	0	70	24	38.6323	1.61366	0.0955452	0.998919	0.998371	0.0841498	1.33515	0.0684831	0.33112
1	0.2	0.4	0.01	0	80	-24	-59.6147	2.47744	0.156264	0.999384	0.999376	0.317263	1.55416	0.0650394	0.240806
1	0.2	0.4	0.01	0	80	-22	-54.6605	2.47672	0.172722	0.999384	0.999364	0.380823	1.42516	0.0656114	0.231357
1	0.2	0.4	0.01	0	80	-20	-49.7081	2.47561	0.195969	0.999385	0.999349	0.461217	1.29499	0.0663687	0.222502
1	0.2	0.4	0.01	0	80	-18	-44.7585	2.47386	0.229063	0.999388	0.999329	0.554963	1.16329	0.0673636	0.215482
1	0.2	0.4	0.01	0	80	-16	-39.8134	2.47105	0.276618	0.999394	0.999301	0.653424	1.02958	0.0686497	0.211628
1	0.2	0.4	0.01	0	80	-14	-34.8755	2.46643	0.34553	0.999406	0.999265	0.746263	0.893388	0.0702616	0.211651
1	0.2	0.4	0.01	0	80	-12	-29.9498	2.45866	0.445791	0.999426	0.99922	0.826709	0.754281	0.0721755	0.214404
1	0.2	0.4	0.01	0	80	-10	-25.0445	2.44532	0.591388	0.999459	0.999166	0.892827	0.612095	0.07423	0.21524
1	0.2	0.4	0.01	0	80	-8	-20.1752	2.42168	0.801823	0.999514	0.999111	0.944773	0.467198	0.0758982	0.203647
1	0.2	0.4	0.01	0	80	-6	-15.371	2.37803	1.10279	0.999606	0.999083	0.98021	0.320747	0.0756895	0.164605
1	0.2	0.4	0.01	0	80	-4	-10.6873	2.2983	1.49413	0.999753	0.999161	0.995336	0.176543	0.0699669	0.107444
1	0.2	0.4	0.01	0	80	-3	-8.41654	2.24141	1.69232	0.999843	0.99932	0.998257	0.110712	0.0614398	0.0742828
1	0.2	0.4	0.01	0	80	-2.5	-7.30381	2.20914	1.78097	0.999887	0.99944	0.999108	0.081609	0.0549118	0.0558865
1	0.2	0.4	0.01	0	80	-2	-6.20773	2.17495	1.85782	0.999926	0.999578	0.999625	0.0561104	0.0469349	0.0378161
1	0.2	0.4	0.01	0	80	-1.5	-5.12907	2.13955	1.91974	0.999958	0.999717	0.999882	0.0348832	0.0378481	0.0219003
1	0.2	0.4	0.01	0	80	-1	-4.06825	2.1037	1.96456	0.999982	0.999838	0.999978	0.0183724	0.0281401	0.00976916
1	0.2	0.4	0.01	0	80	-0.5	-3.02532	2.06811	1.99127	0.999995	0.999929	0.999999	0.00676247	0.0183205	0.00239789
1	0.2	0.4	0.01	0	80	0	-2	2.03335	2	1	0.999983	1	-nan	0.00880801	-nan
1	0.2	0.4	0.01	0	80	0.5	-0.991773	1.99977	1.99166	0.999996	1	0.999999	0.00214335	0.000122525	0.00220436
1	0.2	0.4	0.01	0	80	1	4.96762e-16	1.96756	1.96756	1.5335e-14	0.999984	0.999984	4.21402e-09	0.00832271	0.00832271
1	0.2	0.4	0.01	0	80	1.5	0.976034	1.93683	1.92921	0.999965	0.99994	0.999925	0.00604665	0.0157285	0.0175461
1	0.2	0.4	0.01	0	80	2	1.93709	1.90768	1.87827	0.999941	0.999876	0.999784	0.0155909	0.0223107	0.0290315
1	0.2	0.4	0.01	0	80	2.5	2.884	1.88024	1.81659	0.999913	0.999798	0.999517	0.0282169	0.0280574	0.0419319
1	0.2	0.4	0.01	0	80	3	3.81764	1.85463	1.74624	0.999882	0.999714	0.999088	0.0435061	0.0329732	0.0554321
1	0.2	0.4	0.01	0	80	4	5.64895	1.80935	1.58846	0.999816	0.999547	0.99762	0.0804552	0.0404642	0.0815024
1	0.2	0.4	0.01	0	80	6	9.19597	1.74275	1.26053	0.999689	0.9993	0.991775	0.170486	0.048444	0.120589
1	0.2	0.4	0.01	0	80	8	12.6373	1.70206	0.979212	0.999583	0.999166	0.981192	0.270988	0.0516499	0.142416
1	0.2	0.4	0.01	0	80	10	16.0153	1.67808	0.765481	0.999502	0.999103	0.965174	0.375677	0.0528063	0.152747
1	0.2	0.4	0.01	0	80	12	19.3561	1.66401	0.612002	0.99944	0.99909	0.945782	0.481316	0.0527476	0.153928
1	0.2	0.4	0.01	0	80	14	22.6751	1.65563	0.503675	0.999395	0.999107	0.927478	0.585972	0.0520012	0.147953
1	0.2	0.4	0.01	0	80	16	25.9808	1.65044	0.426317	0.999364	0.999135	0.91309	0.68875	0.0510008	0.138166
1	0.2	0.4	0.01	0	80	18	29.2781	1.64709	0.369505	0.999342	0.999165	0.902282	0.789469	0.0500089	0.12774
1	0.2	0.4	0.01	0	80	20	32.5698	1.64481	0.326336	0.999326	0.999192	0.893068	0.888304	0.0491406	0.118622
1	0.2	0.4	0.01	0	80	22	35.8577	1.64319	0.292383	0.999316	0.999214	0.883488	0.98556	0.0484263	0.111539
1	0.2	0.4	0.01	0	80	24	39.1428	1.64198	0.264801	0.999309	0.999231	0.872309	1.08155	0.0478573	0.106427
1	0.2	0.4	0.01	0	90	-24	-59.6024	2.47772	0.137099	0.999111	0.99914	0.230398	1.86799	0.0763748	0.263219
1	0.2	0.4	0.01	0	90	-22	-54.6478	2.47681	0.158033	0.999108	0.999108	0.292225	1.71556	0.0777536	0.25836
1	0.2	0.4	0.01	0	90	-20	-49.6954	2.47555	0.184379	0.999108	0.999065	0.364382	1.56024	0.0795572	0.255813
1	0.2	0.4	0.01	0	90	-18	-44.7459	2.47378	0.217952	0.999112	0.999008	0.442025	1.40113	0.0818803	0.257237
1	0.2	0.4	0.01	0	90	-16	-39.8008	2.47118	0.261999	0.999125	0.998934	0.521731	1.23716	0.0847873	0.263513
1	0.2	0.4	0.01	0	90	-14	-34.8622	2.4671	0.322765	0.999152	0.998842	0.605826	1.06717	0.0882395	0.273493
1	0.2	0.4	0.01	0	90	-12	-29.9343	2.46015	0.412437	0.999199	0.998736	0.701061	0.890197	0.0919309	0.282918
1	0.2	0.4	0.01	0	90	-10	-25.0255	2.44719	0.553654	0.999279	0.998639	0.808528	0.706272	0.0948937	0.283031
1	0.2	0.4	0.01	0	90	-8	-20.1538	2.42161	0.780987	0.999401	0.998615	0.909745	0.518515	0.0947267	0.25841
1	0.2	0.4	0.01	0	90	-6	-15.3546	2.37284	1.11752	0.999565	0.998763	0.972762	0.336448	0.0877365	0.19644
1	0.2	0.4	0.01	0	90	-4	-10.6841	2.29178	1.51699	0.999755	0.999098	0.994851	0.175689	0.0723341	0.11465
1	0.2	0.4	0.01	0	90	-3	-8.41858	2.2378	1.70517	0.999848	0.99933	0.998302	0.108931	0.060853	0.0738651
1	0.2	0.4	0.01	0	90	-2.5	-7.30717	2.20747	1.78849	0.999891	0.999462	0.999162	0.0802443	0.0538189	0.0544025
1	0.2	0.4	0.01	0	90	-2	-6.21144	2.17514	1.86115	0.999928	0.999597	0.999652	0.0552946	0.04587	0.0364833
1	0.2	0.4	0.01	0	90	-1.5	-5.1323	2.14118	1.92053	0.999959	0.999728	0.99989	0.0345232	0.0371147	0.0211619
1	0.2	0.4	0.01	0	90	-1	-4.07045	2.10608	1.96437	0.999982	0.999842	0.999979	0.0182801	0.0277973	0.00952093
1	0.2	0.4	0.01	0	90	-0.5	-3.02631	2.07044	1.99109	0.999995	0.99993	0.999999	0.00676534	0.0182575	0.002364
1	0.2	0.4	0.01	0	90	0	-2	2.03485	2	1	0.999983	1	-nan	0.00885506	-nan
1	0.2	0.4	0.01	0	90	0.5	-0.991363	1.99983	1.99128	0.999996	1	0.999999	0.00216363	0.000115637	0.0022173
1	0.2	0.4	0.01	0	90	1	1.67143e-15	1.96581	1.96581	-nan	0.999983	0.999983	-nan	0.00843035	0.00843035
1	0.2	0.4	0.01	0	90	1.5	0.974665	1.93308	1.92495	0.999964	0.999938	0.999922	0.00614501	0.0160267	0.0178952
1	0.2	0.4	0.01	0	90	2	1.93333	1.90184	1.87035	0.999939	0.999869	0.999769	0.0159044	0.0228946	0.0298869
1	0.2	0.4	0.01	0	90	2.5	2.87678	1.87223	1.80381	0.999908	0.999781	0.999466	0.0289239	0.0290813	0.0437864
1	0.2	0.4	0.01	0	90	3	3.80586	1.84438	1.7273	0.999874	0.99968	0.998941	0.0448785	0.0346497	0.0590855
1	0.2	0.4	0.01	0	90	4	5.62457	1.79433	1.55276	0.999796	0.999452	0.996817	0.0844419	0.0441477	0.0921787
1	0.2	0.4	0.01	0	90	6	9.13174	1.71817	1.17728	0.999619	0.998987	0.983998	0.187232	0.0574817	0.157709
1	0.2	0.4	0.01	0	90	8	12.5168	1.67112	0.852159	0.999444	0.998647	0.949067	0.310163	0.0646213	0.207378
1	0.2	0.4	0.01	0	90	10	15.8298	1.6444	0.614268	0.999292	0.998472	0.882605	0.442725	0.0675818	0.235336
1	0.2	0.4	0.01	0	90	12	19.1022	1.62946	0.451357	0.99917	0.998414	0.789363	0.5785	0.0682206	0.244929
1	0.2	0.4	0.01	0	90	14	22.3518	1.62085	0.340163	0.999076	0.998419	0.685899	0.714244	0.0677592	0.241815
1	0.2	0.4	0.01	0	90	16	25.5879	1.61563	0.262236	0.999004	0.99845	0.587143	0.848568	0.0668683	0.230999
1	0.2	0.4	0.01	0	90	18	28.8155	1.61229	0.205735	0.998951	0.998489	0.5	0.981016	0.065876	0.216122
1	0.2	0.4	0.01	0	90	20	32.0378	1.61006	0.163484	0.99891	0.998529	0.425487	1.11156	0.0649258	0.19956
1	0.2	0.4	0.01	0	90	22	35.2562	1.60851	0.131065	0.99888	0.998564	0.362085	1.24034	0.0640714	0.182748
1	0.2	0.4	0.01	0	90	24	38.4721	1.60741	0.105627	0.998856	0.998596	0.307538	1.36757	0.0633255	0.1665
1	0.2	0.4	0.01	0	100	-24	-59.144	2.46011	0.101358	0.999661	0.999572	0.0763875	1.14444	0.0535003	0.370239
1	0.2	0.4	0.01	0	100	-22	-54.2248	2.45901	0.126535	0.999666	0.999564	0.106254	1.04187	0.0539678	0.385509
1	0.2	0.4	0.01	0	100	-20	-49.3082	2.45745	0.159118	0.999671	0.999554	0.148986	0.939786	0.0545144	0.399487
1	0.2	0.4	0.01	0	100	-18	-44.3954	2.45517	0.202387	0.999677	0.999543	0.211747	0.838539	0.0551214	0.4102
1	0.2	0.4	0.01	0	100	-16	-39.4883	2.45169	0.261245	0.999683	0.999532	0.305047	0.738695	0.0557176	0.414222
1	0.2	0.4	0.01	0	100	-14	-34.59	2.44621	0.342986	0.999689	0.999523	0.440751	0.641052	0.0561288	0.405856
1	0.2	0.4	0.01	0	100	-12	-29.7057	2.43729	0.4583	0.999693	0.999521	0.620566	0.546467	0.0560365	0.376456
1	0.2	0.4	0.01	0	100	-10	-24.8449	2.42226	0.62225	0.999696	0.999531	0.811032	0.455025	0.0551298	0.315523
1	0.2	0.4	0.01	0	100	-8	-20.0239	2.39629	0.853597	0.999701	0.999539	0.943551	0.363914	0.0540372	0.219325
1	0.2	0.4	0.01	0	100	-6	-15.2725	2.35107	1.16606	0.999726	0.999495	0.990571	0.265512	0.0555188	0.119507
1	0.2	0.4	0.01	0	100	-4	-10.64	2.27536	1.53859	0.999808	0.999433	0.997736	0.154961	0.0569439	0.0769869
1	0.2	0.4	0.01	0	100	-3	-8.38982	2.22355	1.71917	0.999871	0.999497	0.998975	0.100109	0.0524164	0.0578425
1	0.2	0.4	0.01	0	100	-2.5	-7.28526	2.19435	1.79937	0.999904	0.999567	0.99943	0.0750001	0.0479546	0.04514
1	0.2	0.4	0.01	0	100	-2	-6.19576	2.16337	1.86901	0.999935	0.999658	0.99974	0.0524684	0.0420192	0.0316517
1	0.2	0.4	0.01	0	100	-1.5	-5.12211	2.13107	1.9255	0.999962	0.999758	0.999912	0.0332224	0.0348065	0.0190097
1	0.2	0.4	0.01	0	100	-1	-4.06482	2.09801	1.96681	0.999983	0.999854	0.999982	0.0178325	0.0266332	0.00880546
1	0.2	0.4	0.01	0	100	-0.5	-3.02413	2.06476	1.99175	0.999996	0.999932	0.999999	0.0066902	0.0178712	0.00224593
1	0.2	0.4	0.01	0	100	0	-2	2.03187	2	1	0.999983	1	-nan	0.00887846	-nan
1	0.2	0.4	0.01	0	100	0.5	-0.992126	1.9998	1.99203	0.999996	1	0.999999	0.0021997	5.6255e-05	0.00222375
1	0.2	0.4	0.01	0	100	1	1.38308e-16	1.96893	1.96893	inf	0.999982	0.999982	-nan	0.0086888	0.0086888
1	0.2	0.4	0.01	0	100	1.5	0.977047	1.93952	1.93224	0.999961	0.999931	0.999913	0.006416	0.0168927	0.0189232
1	0.2	0.4	0.01	0	100	2	1.9398	1.91179	1.88378	0.999932	0.999851	0.999733	0.0168022	0.0245555	0.0323097
1	0.2	0.4	0.01	0	100	2.5	2.88914	1.88587	1.82554	0.999897	0.999746	0.99937	0.0308676	0.0316005	0.0481365
1	0.2	0.4	0.01	0	100	3	3.82599	1.86187	1.75961	0.999856	0.999623	0.998741	0.0482878	0.0379681	0.0656242
1	0.2	0.4	0.01	0	100	4	5.66616	1.81979	1.61299	0.999762	0.999356	0.996367	0.0917724	0.0485159	0.10232
1	0.2	0.4	0.01	0	100	6	9.23952	1.75832	1.3104	0.999562	0.99891	0.986146	0.20306	0.0610139	0.163157
1	0.2	0.4	0.01	0	100	8	12.7156	1.72098	1.05229	0.99939	0.998707	0.971077	0.330095	0.0650611	0.190775
1	0.2	0.4	0.01	0	100	10	16.1336	1.69894	0.855823	0.999262	0.998669	0.956393	0.460602	0.0651538	0.191971
1	0.2	0.4	0.01	0	100	12	19.5171	1.68563	0.710517	0.999173	0.998692	0.943958	0.589805	0.064095	0.181863
1	0.2	0.4	0.01	0	100	14	22.8794	1.67724	0.601959	0.999112	0.998723	0.932215	0.716719	0.0630038	0.170516
1	0.2	0.4	0.01	0	100	16	26.2279	1.67169	0.519174	0.999068	0.998748	0.918963	0.841652	0.0621675	0.161955
1	0.2	0.4	0.01	0	100	18	29.5673	1.6679	0.454877	0.999035	0.998766	0.902938	0.965144	0.0615818	0.156668
1	0.2	0.4	0.01	0	100	20	32.9003	1.66522	0.404236	0.999011	0.998778	0.884058	1.08764	0.061177	0.153782
1	0.2	0.4	0.01	0	100	22	36.2287	1.6633	0.36388	0.998991	0.998787	0.86309	1.20946	0.0608893	0.152243
1	0.2	0.4	0.01	0	100	24	39.5538	1.66188	0.331334	0.998975	0.998794	0.841181	1.33078	0.0606744	0.151239
